
00101000000000010000000000000001
00101000000000100000000000000010
00101000000000110000000000000011
00101000000001000000000000000100
00101000000001010000000000000101
00101000000001100000000000000110
00101000000001110000000000000111
00101000000010000000000000001000
00101000000010010000000000001001
00101000000010100000000000001010
00101000000010110000000000001011
00101000000011000000000000001100
00101000000011010000000000001101
00101000000011100000000000001110
00101000000011110000000000001111
00101000000100000000000000010000
00101000000100010000000000010001
00101000000100100000000000010010
00101000000100111111111111101101
00101000000101000000000000010100
00101000000101010000000000010101
00101000000101100000000000010110
00101000000101110000000000010111
00101000000110000000000000011000
00101000000110010000000000011001
00101000000110100000000000011010
00101000000110110000000000011011
00101000000111000000000000011100
00101000000111010000000000011101
00101000000111100000000000011110
00101000000111110000000000011111
00000000001000101010000000100000
00000000011001001010100000100001
00000000101001101011000000010000
00000000111010001011100000010001
00000001001010101100001110010010
00000001011011001100100000010011
00000001101011101101000000010100
00000001111100001101100000010101
00000000000100011110000101001000
00000000000100101110100011001010
00000000000100111111000010001011
00000000000101001111100001001100
00001000001101001111111111111110
00001101010101010000000000001000
01000000010101100000000000001111
01000100011101110000000000001010
01001000100110000000000000000110
01001100010110010000000000001111
01010000011110100000000000001010
01010100100110110000000000000110
00100000000111000000000011111111
00100100000111010000000011111111
00101000000111101010101010101010
00010100001011100000000000000101
00010000001111110000000000000101

